600001103037
600009963128
600018902293
600020364885
600031697545
600045155842
600045443700
600052596653
600053476714
600054124128
600059829137
600061763148
600085654611
600096301727
600096907755
600098941368
600109657100
600110501017
600110937794
600116672720
600129552715
600153665436
600173623767
600175632390
600176839719
600185621034
600186389348
600188665786
600209995267
600210241146
600210683444
600239486853
600259084705
600262185931
600263649795
600282088524
600294591042
600294620965
600307190856
600325379088
600342427856
600367706279
600377610905
600384500580
600404481268
600405811873
600414524351
600415312234
600431843434
600444687107
600453080018
600460215379
600467348643
600484292483
600506506478
600527696513
600535285201
600547831711
600557347302
600561317124
600561889161
600583029194
600587013053
600607081380
600637280433
600643266641
600645359513
600645947292
600681250400
600682103788
600689706588
600695109212
600700496428
600705193262
600710344290
600747749665
600748335231
600756783089
600768316020
600774309943
600778221586
600778703691
600783248784
600790653076
600791853953
600793888825
600821900299
600825029647
600846330874
600851814881
600857437078
600879588780
600881380156
600883641613
600891097451
600896033967
600899090853
600906186220
600922891543
600928302123
600934799349
600946794267
600950857962
600951608941
600972840333
600980203881
600994234394
600999109386
601003154440
601004917174
601005721658
601008078297
601018466813
601022070840
601022643472
601029120165
601031322506
601031667414
601034752021
601039605738
601053208894
601060193355
601062830722
601064014005
601073599234
601075042526
601078429870
601079386542
601091916731
601097899414
601098855033
601102119981
601110916219
601121451354
601124362998
601134535512
601139132135
601141983954
601146803700
601150704931
601155992510
601160982029
601166460994
601181364386
601197188395
601253138009
601256710373
601269418769
601271440369
601272152476
601284681957
601291911918
601298017463
601330716220
601331607508
601377616645
601378905159
601382007950
601397563927
601411363678
601421183501
601421468675
601430590188
601445845956
601456373134
601470180262
601471407823
601497448396
601528185235
601529441877
601534588573
601545998479
601567491412
601576804608
601586906012
601590763228
601603785278
601606500084
601611488790
601622379745
601623813919
601635995009
601637266717
601638390697
601652518789
601667746830
601680418665
601708661308
601726950902
601729431337
601735116940
601777396972
601779769323
601800481530
601816513167
601817026803
601817352373
601819231359
601820483108
601822726459
601835505431
601839136886
601853652611
601860011102
601878054296
601890234089
601890853497
601894841939
601894993907
601901875085
601908723260
601927445850
601927448642
601933347700
601963891187
601983541597
602000709131
602022943018
602036724681
602059925976
602076199855
602080382723
602083076551
602103080811
602107305684
602111131774
602124114714
602128296446
602131516438
602135079524
602138082775
602151556591
602166204240
602177587881
602185631026
602186888449
602212580821
602217526033
602228305159
602231259423
602233518617
602238205398
602260117288
602260470547
602271828805
602274505817
602283748645
602290462072
602291275795
602295549250
602302884302
602320995621
602322420470
602324913001
602328657380
602349176885
602362616127
602363439401
602366188397
602371211245
602371962999
602381745833
602387822256
602392103327
602400242232
602408461539
602414128605
602422647648
602428968376
602439974997
602443960018
602445051043
602456401454
602461667893
602487486017
602502870869
602513171870
602525316303
602526074741
602526087473
602526817384
602558202933
602569768815
602571576976
602576932057
602587201685
602598026677
602599700079
602609136954
602609577537
602618648924
602628202622
602632273876
602650722871
602657114778
602659082995
602690367326
602736411654
602743039594
602750793234
602783713372
602786459663
602797959323
602818432787
602830931072
602839407031
602851199195
602863038418
602897753228
602898753625
602900241406
602900993107
602912246666
602912499744
602914463977
602922318617
602931401431
602958561056
603000816791
603010174139
603012070028
603012527295
603020007940
603029229426
603044781170
603056110671
603077674349
603099891351
603109880577
603114160106
603115119239
603132984242
603135522412
603147935435
603157404396
603164179264
603171434004
603172467933
603202943256
603213455413
603216547131
603249496502
603270246143
603270392135
603275217000
603289607521
603298492660
603313698094
603317055381
603346988007
603350320565
603362886729
603374538563
603380713844
603383020862
603383466441
603403720550
603417040195
603424656945
603432841056
603437944388
603441403158
603442027507
603443708714
603509947448
603519353680
603525110511
603528265113
603529228450
603533144459
603535563753
603564893161
603572445048
603588285080
603590419099
603607302022
603622651767
603628338492
603647146880
603657238145
603660816657
603667331863
603669849098
603672020440
603695214228
603712106282
603717558134
603718677924
603721718146
603740723858
603766022335
603774065530
603780080052
603780408072
603780514184
603783356574
603790679013
603791738091
603794682815
603795895689
603796164049
603796183791
603802274159
603803055915
603820345258
603822512211
603851438661
603855355258
603862276298
603873354752
603876349020
603877925785
603889816024
603922696979
603929824942
603938788801
603940242520
603945046457
603959643143
603959672926
603989093357
603999222119
604006992558
604008355365
604025015844
604029814574
604035331560
604058432033
604066138944
604073409689
604082301131
604092821853
604120479526
604133280450
604134560498
604143813599
604151585185
604155870893
604158328990
604168012939
604170546315
604177875610
604190435209
604191345908
604192528187
604193816799
604200987905
604207305107
604214617447
604223213392
604233702947
604238837702
604251564883
604267192536
604296547639
604300485875
604346279920
604356003982
604364258221
604364707269
604371820063
604378086470
604379101121
604384393545
604385435194
604390537221
604399157561
604413981131
604420388312
604434132632
604436100276
604441463835
604446603420
604449037424
604450308385
604465934786
604483095823
604483341079
604489799673
604495707329
604499247593
604500607341
604521068011
604527984573
604530605174
604533322765
604545149983
604549984315
604560238992
604572945839
604582826352
604603983999
604608523538
604619459663
604627970209
604630931488
604636396900
604645558238
604653724494
604682058707
604701576457
604701862311
604709588404
604710877570
604713776906
604716869016
604717714550
604740287921
604750579456
604754412893
604770953198
604787775991
604788495754
604794406767
604798004623
604827777386
604843761465
604849953034
604850834887
604851308167
604868211055
604870683276
604884227656
604884858379
604885183762
604899150101
604900972967
604908576947
604921668926
604932452122
604955784156
604968798393
604980665526
604982900250
605002264835
605003718805
605015490215
605031304347
605034869897
605039608094
605047027135
605062817549
605083509935
605084146179
605090380179
605113549325
605119881807
605122387192
605133577753
605134898178
605137290405
605140097010
605142512708
605153438249
605185017849
605189074977
605203362917
605204898561
605239479185
605264771848
605266281282
605273647528
605292346921
605296632565
605299834720
605316848243
605324632452
605325369237
605326206200
605330824382
605355162443
605397172243
605429922322
605452940766
605460562605
605481196229
605485715456
605499686025
605519521660
605522706238
605529383985
605551941869
605553430285
605555383600
605556510393
605558743197
605573655820
605574617286
605576036909
605583022834
605587002780
605594915350
605599246708
605603350775
605609873649
605622311152
605622668246
605636678511
605649737049
605650707727
605674117713
605676549667
605690210359
605708452260
605710312576
605735855055
605750532692
605757617619
605771553837
605782140338
605792122916
605794386023
605797995831
605818477401
605832800275
605845161503
605846363391
605861453991
605884378448
605899845864
605918279176
605928863098
605938140322
605940403748
605961850123
605973978786
605987192545
605992095801
605998048642
606002556307
606005765903
606016701736
606024507405
606031229906
606034411971
606038745704
606039672874
606054549767
606059405094
606066555475
606081703778
606085066075
606092387172
606105208069
606109358844
606111772772
606118165171
606125060062
606132741157
606148472058
606150005854
606150118937
606164539601
606183562348
606184625556
606209597848
606211478161
606213296175
606232425541
606241658860
606244059934
606256451548
606257560944
606263238271
606300627564
606303624745
606309267666
606353631712
606364461627
606381582742
606387347625
606395507970
606399015035
606405796925
606407464036
606408425082
606408841814
606410918740
606436851918
606437751483
606439070979
606440135761
606440194406
606441281285
606456586213
606467417355
606467448294
606488719838
606496506853
606498830155
606531042603
606538466283
606543149287
606543800036
606549819332
606554629270
606584932199
606603924903
606629371522
606637614373
606657651923
606662314334
606673058004
606679086556
606682071682
606705667955
606720913120
606729516372
606730080838
606734396733
606745132945
606764748661
606765604469
606776021500
606776614796
606790572802
606801462400
606806263638
606807944303
606811412362
606813461975
606827046391
606837776232
606852399741
606854611544
606855754171
606860220952
606860716104
606874247047
606894204885
606896252791
606899412136
606912145553
606918498891
606929231675
606937146616
606949813967
606964594643
606966884890
606991352508
606993390877
606994381117
606997359725
606999223447
607024945188
607027753525
607038270261
607038967753
607061583100
607071944594
607080829282
607086644014
607115020446
607125657708
607138960013
607146525121
607150774901
607155950571
607159860185
607172482461
607196952842
607212473783
607226282986
607230671465
607232718666
607242854479
607243619260
607245656080
607261515993
607263095972
607272093553
607279636292
607282201752
607312180648
607317091560
607317435772
607322821508
607334328084
607348006953
607357623108
607358885206
607364815215
607372812157
607377981504
607385423013
607393879404
607396223318
607404991661
607419943780
607427283129
607430593597
607433831702
607447765454
607449977819
607452914122
607456079260
607469840867
607500124346
607540053455
607543050041
607557788866
607559041252
607562599455
607567167629
607567223985
607573714374
607580760576
607599413367
607602498818
607605794667
607605867723
607611469574
607625309041
607638866208
607639308541
607640546528
607644695352
607645338002
607647890774
607648205731
607649803481
607717904472
607724757393
607732695003
607748133663
607761310574
607770303600
607782063366
607786519275
607796874809
607797293015
607797973921
607814612873
607825602272
607826826999
607828606875
607833833064
607835407448
607865041735
607865613446
607902433865
607902697916
607914130481
607926201270
607930691268
607931807307
607939373984
608007693853
608141658378
608182681525
608280132765
608394170451
608414632504
609143916322
609379506099
609472774437
609742068023
609788818607
609790310103
609804816830
609825254934
609835207531
609912910505
609937840506