100206
100307
100408
100610
101006
101107
101309
101410
101915
102008
102109
102311
102513
102715
102816
103111
103212
103414
103515
103818
104012
104416
104820
105014
105115
105216
105620
105923
106016
106319
106521
106824
107018
107220
107321
107422
107725
108020
108121
108222
108323
108525
108828
109123
109325
109830
110411
110613
111009
111211
111312
111413
111514
111716
112112
112314
112516
112819
112920
113215
113619
113922
114116
114217
114318
114419
114621
114924
115017
115219
115320
115724
115825
116120
116221
116524
116726
117021
117122
117324
117930
118023
118124
118225
118528
118730
118831
118932
119025
119732
119833
120111
120212
120515
120717
121315
121416
121618
121820
121921
122317
122418
122620
122822
123117
123420
123521
123723
123925
124220
124422
124624
124826
125424
125525
126325
126426
126628
127327
127630
127731
127832
127933
128026
128127
128329
128632
128935
129028
129129
129331
129533
129634
129937
130013
130316
130417
130518
130619
130821
130922
131217
131419
131722
131823
131924
132017
132118
133019
133625
133827
133928
134021
134223
134324
134425
134728
134829
135124
135225
135528
135629
135730
135932
136126
136227
136631
136732
136833
137027
137128
137229
137431
137633
137936
138130
138231
138332
138534
138837
139435
139637
139839
140117
140319
140420
140824
140925
141119
141422
141826
142424
143224
143325
143426
144226
144428
144731
144832
144933
145127
145531
145632
145834
146129
146331
146432
146634
146735
146836
146937
147636
147737
148032
148133
148335
148436
148840
148941
149236
149337
149539
149741
149842
150019
150423
150524
150625
150726
150928
151021
151223
151324
151425
151526
151627
151728
151829
151930
152225
152427
152831
153025
153227
153429
153631
153732
153833
153934
154330
154431
154532
154734
154835
154936
155231
155635
155938
156031
156233
156334
156435
156536
156637
157336
157437
157942
158035
158136
158338
158540
158843
159138
159239
159340
159441
159744
159946
160123
160729
160830
160931
161327
161630
161731
161832
162026
162228
162329
162935
163129
163331
163432
163836
164131
164636
165032
165234
165436
165638
165840
165941
166438
166640
167036
167238
167440
167743
168139
168240
168341
168745
168947
169141
169343
169444
169747
170631
170934
171330
171431
171532
171633
171734
172029
172130
172332
172433
172534
172635
173132
173233
173334
173536
173738
173839
174437
174841
175035
175136
175237
175439
175540
176037
176239
176441
176542
176744
176845
177140
177746
178142
178243
178647
178748
178849
179245
179346
179952
180230
180533
180836
180937
181131
181636
182032
182436
182739
182840
183034
183337
183741
185139
185341
185442
185846
185947
186545
186848
187143
187345
187547
187850
188347
188448
188549
189349
190132
191033
191235
191336
191437
191942
192237
192439
192540
192843
193239
193441
193845
194140
194443
194645
194746
194847
195041
195445
195647
195849
195950
196144
196346
196851
197348
198047
198249
198653
199150
199251
199453
199655
200008
200109
200311
200513
200614
201414
202113
202719
203923
204016
204420
204521
204622
205119
205220
205725
205826
206222
206727
206828
206929
207123
207426
208024
208125
208327
208428
208630
209127
209228
209329
209531
209834
209935
210011
210415
210617
211114
211316
211417
211821
211922
212116
212217
212318
212823
214019
214524
214625
214726
217126
217429
221319
223929
224022
227533
228434
231928
233326
238033
239136
245333
246133
248339
249947
250427
250932
251833
255639
255740
256540
257845
263436
268749
268850
270332
275645
280941
283543
285345
285446
286650
287248
289555
290136
293748
295146
297655
298051
298455
299154
299760
300618
300719
303624
304020
304727
305830
307127
308129
311320
316835
317332
320826
322224
325129
329440
330324
333330
334635
339847
341834
342129
346137
350330
351938
352132
352738
353740
356948
358144
360030
365343
366042
366446
368551
371843
376247
377451
378857
379657
380036
381038
385450
386250
389357
390645
391748
392447
392750
393247
393550
395958
397154
397760
397861
406432
406836
412528
414229
415837
421226
422632
429040
432332
433839
436239
436845
441939
445543
448347
449753
453441
454140
456346
463040
467351
473952
475855
479762
481042
481951
485757
486759
492754
495255
497865
499566
500222
506234
510225
510326
512835
513130
513736
519950
521331
522434
525541
530635
531536
531940
536647
540436
541943
545345
547046
548250
549757
550439
552544
555348
557857
558657
558960
559053
559457
561242
562345
562446
565452
566454
567052
567961
568963
569965
570243
571548
572045
573249
573451
578158
579665
579867
580044
580347
580650
581349
581450
583858
585256
585862
587664
588565
590047
592455
594156
597869
598568
599065
599469
599671
601127
609143
611938
613235
613538
614439
615744
616645
617748
626648
627549
627852
628248
634748
635245
638049
644044
645450
645551
647858
654350
654552
654754
656657
657659
660951
662551
663755
665254
667056
671855
672756
673455
677766
677968
679568
679770
680957
685058
686969
687163
690152
693461
693764
694362
695768
698168
700634
702133
704238
705341
706040
707749
709551
713239
715041
715647
715950
720337
724446
725751
727654
728454
729254
729557
731140
732243
734045
735148
737960
742549
748258
749058
751348
751550
753150
753251
759869
761957
763557
765056
765864
766563
767464
770352
771354
773257
774663
779370
782561
783462
784565
786569
788876
789373
792564
792766
793465
800941
802844
809252
810439
810843
814649
815247
816653
818455
818859
820745
825553
826353
826454
828862
832651
833249
837964
841349
843151
844961
849264
849971
852455
856463
856766
856968
857263
859671
861456
865363
867468
869472
870861
871762
872158
872562
872764
877168
877269
878776
880157
882161
884064
885975
886674
887373
888678
889579
891667
894673
894774
896778
896879
898176
899885
901038
901139
901442
907656
910241
910443
911849
912447
917255
917558
919966
922854
923755
927359
929464
930449
932554
937160
942658
951457
952863
953764
959574
965367
965771
966975
970764
972566
978578
979984
983773
984472
987074
990366
991267
992673
992774
994273
996782